0 32 1
0 33 -1
0 35 1
0 37 -1
0 38 -1
0 40 1
0 41 1
0 42 1
0 44 -1
0 47 1
0 49 1
0 52 1
0 54 1
0 57 1
0 59 1
0 61 1
0 65 1
0 68 1
0 72 1
0 74 -1
0 76 1
0 77 1
0 81 1
0 83 1
0 85 1
0 99 1
0 101 1
0 103 -1
0 104 1
0 105 1
0 113 1
0 114 1
0 120 1
0 123 1
0 133 -1
0 134 1
1 35 1
1 37 -1
1 40 -1
1 43 1
1 44 -1
1 45 1
1 47 1
1 48 1
1 54 1
1 58 1
1 59 1
1 61 1
1 63 -1
1 64 -1
1 66 1
1 67 1
1 72 -1
1 74 1
1 77 1
1 79 -1
1 81 1
1 85 -1
1 90 1
1 91 1
1 92 1
1 97 1
1 99 1
1 101 1
1 103 1
1 108 1
1 110 -1
1 111 1
1 113 1
1 116 -1
1 122 1
1 123 1
1 127 1
1 132 -1
1 133 1
1 134 -1
2 31 1
2 32 1
2 33 1
2 34 1
2 35 1
2 36 1
2 37 1
2 38 1
2 39 1
2 40 1
2 41 1
2 42 -1
2 43 1
2 44 1
2 46 1
2 47 1
2 48 1
2 49 1
2 50 1
2 51 1
2 52 1
2 54 1
2 55 1
2 56 1
2 57 1
2 58 1
2 59 1
2 60 1
2 61 1
2 62 1
2 64 -1
2 65 1
2 66 1
2 68 1
2 70 1
2 71 1
2 72 1
2 73 -1
2 74 1
2 75 1
2 76 -1
2 77 1
2 78 1
2 79 1
2 80 1
2 81 1
2 82 1
2 83 1
2 84 1
2 85 1
2 86 1
2 87 1
2 88 1
2 89 1
2 90 1
2 91 1
2 93 1
2 94 1
2 96 1
2 97 1
2 98 1
2 99 1
2 100 -1
2 101 -1
2 102 1
2 103 1
2 104 -1
2 105 -1
2 106 1
2 107 1
2 108 1
2 109 1
2 110 1
2 111 -1
2 112 1
2 113 1
2 114 1
2 115 1
2 117 1
2 119 -1
2 120 1
2 121 1
2 123 1
2 124 1
2 125 1
2 126 1
2 128 -1
2 129 1
2 131 -1
2 133 1
3 35 1
3 41 -1
3 43 1
3 45 1
3 48 1
3 53 1
3 54 1
3 59 1
3 66 -1
3 68 1
3 72 1
3 75 1
3 77 -1
3 90 1
3 99 -1
3 113 -1
3 115 1
3 116 -1
3 122 1
3 123 1
3 128 1
3 133 1
3 134 1
4 31 -1
4 32 1
4 33 -1
4 35 -1
4 37 -1
4 38 -1
4 40 -1
4 41 1
4 44 -1
4 46 -1
4 47 -1
4 48 -1
4 49 -1
4 50 -1
4 52 1
4 54 1
4 57 -1
4 61 -1
4 63 -1
4 66 -1
4 67 -1
4 68 1
4 71 -1
4 72 -1
4 73 -1
4 74 -1
4 76 -1
4 77 -1
4 80 -1
4 81 -1
4 84 1
4 85 -1
4 90 -1
4 92 1
4 93 -1
4 98 1
4 99 -1
4 102 1
4 103 -1
4 104 1
4 108 -1
4 109 1
4 111 1
4 113 -1
4 114 -1
4 115 1
4 120 -1
4 121 1
4 123 -1
4 124 -1
4 129 -1
4 133 -1
5 32 1
5 33 1
5 34 1
5 35 1
5 36 1
5 37 1
5 38 1
5 39 1
5 40 1
5 41 1
5 42 1
5 43 1
5 44 1
5 45 -1
5 46 -1
5 47 1
5 48 -1
5 49 1
5 50 1
5 51 1
5 52 1
5 53 1
5 54 -1
5 55 1
5 56 1
5 57 1
5 58 1
5 59 -1
5 60 1
5 61 1
5 62 -1
5 63 1
5 64 1
5 65 1
5 66 1
5 67 -1
5 70 1
5 71 1
5 72 -1
5 73 1
5 74 1
5 75 -1
5 76 -1
5 77 -1
5 78 -1
5 79 1
5 80 1
5 81 1
5 82 1
5 83 -1
5 84 1
5 85 1
5 86 1
5 87 1
5 88 -1
5 89 1
5 90 1
5 91 1
5 92 1
5 93 1
5 94 1
5 95 -1
5 96 1
5 97 1
5 99 -1
5 100 1
5 101 -1
5 102 1
5 103 1
5 104 1
5 105 1
5 106 1
5 107 -1
5 108 1
5 109 -1
5 110 1
5 111 -1
5 112 1
5 113 -1
5 114 1
5 115 -1
5 116 1
5 117 -1
5 118 -1
5 119 1
5 120 1
5 121 1
5 122 1
5 123 1
5 124 1
5 125 1
5 126 1
5 127 -1
5 128 1
5 129 1
5 130 -1
5 131 -1
5 132 -1
5 133 -1
5 134 -1
6 31 -1
6 32 1
6 33 1
6 34 1
6 35 1
6 36 1
6 37 1
6 38 1
6 39 1
6 40 1
6 41 1
6 42 1
6 43 1
6 44 1
6 45 1
6 46 1
6 47 -1
6 48 1
6 49 1
6 50 1
6 51 1
6 52 1
6 53 1
6 54 1
6 55 -1
6 56 1
6 57 -1
6 58 1
6 59 -1
6 60 1
6 61 1
6 62 -1
6 63 1
6 64 1
6 65 1
6 66 -1
6 67 1
6 68 1
6 69 -1
6 70 1
6 71 1
6 72 1
6 73 1
6 74 1
6 75 1
6 76 -1
6 77 1
6 78 -1
6 79 1
6 80 1
6 81 1
6 82 1
6 83 1
6 84 1
6 85 -1
6 86 -1
6 87 1
6 88 -1
6 89 -1
6 90 1
6 91 1
6 92 1
6 93 1
6 94 -1
6 95 -1
6 96 -1
6 97 1
6 98 1
6 99 -1
6 100 -1
6 101 -1
6 102 1
6 103 -1
6 104 -1
6 105 1
6 106 1
6 107 1
6 108 1
6 109 -1
6 110 -1
6 111 1
6 112 -1
6 113 -1
6 114 1
6 115 -1
6 116 1
6 117 1
6 118 -1
6 119 -1
6 120 1
6 121 -1
6 122 1
6 123 1
6 124 1
6 125 -1
6 126 1
6 127 -1
6 128 1
6 129 1
6 130 -1
6 131 -1
7 34 -1
7 35 1
7 36 1
7 37 -1
7 40 -1
7 41 1
7 43 1
7 44 -1
7 45 1
7 47 1
7 51 1
7 52 1
7 53 1
7 54 1
7 57 1
7 58 1
7 63 1
7 64 1
7 67 1
7 72 1
7 73 1
7 74 1
7 76 1
7 77 1
7 78 1
7 83 1
7 89 1
7 99 1
7 100 -1
7 101 1
7 103 1
7 110 1
7 112 1
7 113 1
7 114 1
7 115 1
7 120 1
7 122 1
7 123 1
7 127 1
7 133 1
8 32 1
8 35 1
8 37 1
8 40 1
8 44 1
8 52 1
8 53 1
8 54 1
8 57 1
8 58 1
8 62 1
8 65 1
8 67 1
8 68 1
8 71 1
8 72 -1
8 73 1
8 76 1
8 77 1
8 80 1
8 81 1
8 90 1
8 97 1
8 99 -1
8 101 1
8 103 1
8 105 1
8 110 -1
8 111 1
8 113 -1
8 114 1
8 116 -1
8 123 1
8 126 1
9 32 1
9 33 1
9 34 1
9 37 1
9 40 1
9 41 1
9 42 1
9 43 1
9 44 -1
9 45 1
9 47 1
9 49 1
9 52 1
9 53 1
9 54 1
9 72 1
9 77 1
9 85 1
9 91 -1
9 93 1
9 94 -1
9 99 1
9 101 1
9 105 -1
9 107 1
9 110 1
9 113 1
9 119 1
9 123 1
9 127 1
9 130 1
9 131 1
9 133 1
10 32 1
10 33 1
10 35 1
10 37 1
10 38 1
10 40 1
10 42 1
10 44 1
10 46 1
10 47 1
10 49 1
10 50 1
10 52 1
10 54 1
10 56 1
10 65 1
10 66 1
10 71 1
10 72 1
10 73 1
10 74 1
10 76 1
10 77 1
10 80 1
10 84 1
10 85 1
10 89 -1
10 93 -1
10 98 1
10 99 -1
10 101 1
10 102 1
10 103 1
10 104 1
10 108 1
10 112 -1
10 113 -1
10 114 1
10 115 1
10 118 1
10 123 1
10 124 1
10 129 1
11 31 1
11 32 1
11 33 1
11 34 1
11 35 1
11 36 1
11 37 1
11 39 1
11 40 1
11 41 1
11 42 1
11 43 1
11 44 1
11 46 1
11 47 1
11 48 1
11 49 1
11 50 1
11 51 1
11 52 1
11 53 1
11 54 1
11 55 1
11 56 1
11 59 -1
11 60 1
11 62 1
11 63 1
11 64 1
11 65 1
11 66 1
11 67 1
11 70 1
11 72 1
11 73 1
11 75 1
11 76 1
11 77 1
11 78 1
11 79 1
11 80 1
11 81 1
11 82 1
11 83 1
11 85 -1
11 86 1
11 87 1
11 88 -1
11 89 1
11 90 1
11 92 1
11 93 1
11 94 1
11 95 1
11 96 1
11 97 -1
11 99 -1
11 100 1
11 101 1
11 102 1
11 103 1
11 104 1
11 105 1
11 106 1
11 107 1
11 108 1
11 110 1
11 112 -1
11 113 -1
11 114 1
11 115 1
11 116 1
11 119 1
11 120 1
11 121 1
11 123 1
11 124 1
11 126 1
11 129 1
11 130 -1
11 133 -1
11 134 -1
12 31 1
12 32 1
12 33 1
12 35 1
12 36 1
12 38 1
12 39 1
12 41 1
12 43 1
12 46 1
12 47 1
12 48 1
12 49 1
12 50 1
12 51 1
12 52 1
12 53 1
12 54 1
12 55 1
12 56 1
12 57 1
12 60 1
12 61 1
12 63 1
12 64 1
12 65 1
12 68 1
12 71 1
12 73 1
12 74 1
12 76 1
12 77 1
12 79 1
12 80 1
12 81 1
12 82 1
12 83 1
12 84 1
12 85 1
12 89 1
12 90 1
12 92 1
12 96 1
12 97 1
12 98 1
12 100 1
12 101 1
12 102 1
12 106 1
12 108 1
12 109 1
12 114 1
12 115 1
12 118 1
12 120 1
12 121 1
12 123 -1
12 124 1
12 125 1
12 126 1
12 128 1
12 129 1
12 132 1
12 134 1
13 32 1
13 35 1
13 41 1
13 53 1
13 67 1
13 69 1
13 72 1
13 77 1
13 78 1
13 81 1
13 84 1
13 85 -1
13 86 1
13 103 1
13 110 1
13 111 1
13 114 1
13 122 1
13 123 1
13 125 1
13 132 -1
13 133 1
14 31 1
14 32 1
14 33 1
14 34 1
14 35 1
14 36 1
14 39 1
14 41 1
14 43 1
14 44 -1
14 45 1
14 47 1
14 48 1
14 51 1
14 52 1
14 53 1
14 54 1
14 56 1
14 59 1
14 61 1
14 62 1
14 63 1
14 64 1
14 67 1
14 68 1
14 70 1
14 72 1
14 73 1
14 74 1
14 76 1
14 77 1
14 78 1
14 81 1
14 82 1
14 83 1
14 84 1
14 85 1
14 90 1
14 92 1
14 94 1
14 98 1
14 99 1
14 100 1
14 101 1
14 102 1
14 103 1
14 106 1
14 108 1
14 109 1
14 110 1
14 111 -1
14 113 1
14 114 -1
14 115 1
14 116 1
14 119 1
14 123 1
14 126 1
14 132 -1
14 133 -1
14 134 1
15 31 1
15 32 1
15 33 1
15 34 1
15 35 1
15 36 1
15 37 -1
15 38 1
15 39 1
15 40 1
15 41 1
15 42 1
15 43 1
15 44 -1
15 47 1
15 48 1
15 49 1
15 50 1
15 51 1
15 52 1
15 53 1
15 54 1
15 56 1
15 57 1
15 60 1
15 61 1
15 62 1
15 63 1
15 64 1
15 67 1
15 71 1
15 73 1
15 74 1
15 76 1
15 77 1
15 79 1
15 80 1
15 81 1
15 82 1
15 83 1
15 85 -1
15 88 -1
15 89 1
15 90 1
15 92 1
15 94 1
15 96 1
15 97 -1
15 98 1
15 100 1
15 101 1
15 102 1
15 103 1
15 105 1
15 106 1
15 108 1
15 110 1
15 112 1
15 114 -1
15 115 1
15 119 1
15 120 1
15 123 1
15 126 1
15 128 1
15 131 1
15 133 1
15 134 1
16 31 1
16 32 1
16 33 1
16 34 1
16 35 1
16 36 1
16 39 1
16 41 1
16 43 1
16 47 1
16 48 1
16 51 1
16 52 1
16 53 1
16 54 1
16 61 1
16 62 1
16 63 1
16 64 1
16 65 1
16 67 1
16 68 1
16 70 1
16 72 1
16 73 1
16 74 1
16 76 1
16 77 1
16 78 1
16 79 1
16 80 1
16 81 1
16 83 1
16 85 -1
16 86 1
16 90 1
16 92 1
16 98 1
16 99 1
16 100 1
16 101 1
16 102 1
16 103 1
16 106 1
16 108 1
16 110 1
16 111 -1
16 113 1
16 115 1
16 116 1
16 119 1
16 122 -1
16 123 1
16 126 1
16 132 -1
16 133 -1
16 134 -1
17 31 1
17 32 1
17 34 1
17 35 1
17 36 1
17 37 1
17 38 -1
17 39 -1
17 40 1
17 41 1
17 42 -1
17 43 1
17 45 1
17 46 1
17 47 1
17 48 1
17 49 1
17 50 1
17 51 1
17 52 -1
17 54 -1
17 57 1
17 58 1
17 61 1
17 62 1
17 63 1
17 64 1
17 65 -1
17 66 1
17 67 1
17 68 1
17 69 1
17 71 1
17 74 1
17 75 1
17 76 1
17 78 1
17 79 1
17 80 -1
17 81 1
17 83 1
17 84 1
17 85 1
17 86 1
17 87 1
17 88 1
17 89 1
17 90 1
17 92 1
17 96 -1
17 97 1
17 98 1
17 99 1
17 100 1
17 101 1
17 102 1
17 103 1
17 104 1
17 105 -1
17 106 1
17 107 -1
17 108 1
17 109 1
17 110 -1
17 112 1
17 113 1
17 114 -1
17 115 1
17 116 1
17 117 1
17 118 1
17 119 1
17 120 1
17 121 1
17 122 1
17 124 1
17 125 -1
17 126 1
17 128 1
17 129 1
17 131 1
17 132 1
17 134 1
18 32 -1
18 33 -1
18 34 -1
18 35 1
18 36 1
18 37 -1
18 39 1
18 40 1
18 41 1
18 42 1
18 43 1
18 44 1
18 45 1
18 48 1
18 50 1
18 51 1
18 52 1
18 54 1
18 55 1
18 58 1
18 61 1
18 63 1
18 67 1
18 70 -1
18 72 1
18 74 1
18 76 1
18 77 1
18 79 1
18 82 1
18 83 1
18 84 1
18 85 1
18 90 1
18 91 1
18 94 1
18 95 -1
18 99 1
18 100 1
18 101 1
18 102 1
18 103 1
18 105 1
18 110 1
18 111 1
18 113 1
18 115 1
18 116 1
18 119 1
18 122 1
18 123 1
18 126 1
18 131 1
18 132 1
18 133 -1
18 134 -1
19 31 1
19 35 1
19 37 -1
19 39 1
19 40 -1
19 41 1
19 43 1
19 44 1
19 45 -1
19 54 1
19 62 1
19 65 1
19 66 1
19 67 -1
19 72 -1
19 73 -1
19 74 -1
19 76 -1
19 77 -1
19 90 -1
19 91 -1
19 101 -1
19 103 -1
19 111 1
19 115 1
19 126 -1
19 128 1
19 132 1
20 32 1
20 33 1
20 34 1
20 35 -1
20 36 -1
20 37 -1
20 38 1
20 39 1
20 40 -1
20 41 1
20 43 -1
20 44 -1
20 45 1
20 47 1
20 49 -1
20 50 -1
20 51 1
20 53 1
20 54 1
20 57 1
20 60 1
20 61 1
20 62 1
20 64 1
20 65 1
20 66 1
20 72 1
20 74 1
20 76 1
20 77 1
20 78 1
20 82 1
20 85 1
20 87 -1
20 89 1
20 90 1
20 93 1
20 94 1
20 98 1
20 101 1
20 102 1
20 103 1
20 108 1
20 110 -1
20 111 1
20 113 -1
20 114 1
20 115 1
20 117 -1
20 118 1
20 119 1
20 120 1
20 121 -1
20 122 -1
20 123 1
20 124 1
20 125 -1
20 126 1
20 127 1
20 129 1
20 131 -1
20 132 -1
20 133 1
20 134 1
21 31 1
21 32 1
21 33 1
21 34 1
21 35 1
21 36 1
21 37 -1
21 38 -1
21 39 1
21 40 -1
21 41 1
21 42 -1
21 43 1
21 44 -1
21 46 1
21 47 1
21 48 1
21 49 -1
21 50 -1
21 51 1
21 52 1
21 53 -1
21 54 1
21 55 1
21 56 1
21 57 -1
21 59 1
21 60 1
21 61 1
21 62 1
21 63 -1
21 64 -1
21 65 1
21 66 1
21 67 1
21 70 1
21 71 -1
21 72 1
21 73 1
21 74 1
21 76 1
21 77 -1
21 78 1
21 79 1
21 80 1
21 81 -1
21 82 1
21 83 1
21 85 -1
21 88 -1
21 89 1
21 90 -1
21 92 -1
21 93 -1
21 94 1
21 97 -1
21 98 1
21 100 1
21 101 -1
21 102 1
21 103 -1
21 104 1
21 105 -1
21 106 1
21 108 -1
21 109 1
21 110 1
21 111 1
21 112 -1
21 114 1
21 115 -1
21 118 1
21 119 1
21 120 1
21 121 -1
21 123 -1
21 124 -1
21 125 -1
21 126 -1
21 128 1
21 129 1
21 133 -1
22 32 1
22 33 1
22 34 -1
22 35 1
22 36 1
22 37 1
22 39 1
22 40 1
22 41 1
22 42 1
22 43 1
22 44 1
22 45 -1
22 47 1
22 48 1
22 49 1
22 50 1
22 52 -1
22 53 1
22 54 -1
22 57 -1
22 58 1
22 59 1
22 60 1
22 61 1
22 62 1
22 64 1
22 67 -1
22 68 1
22 71 1
22 72 -1
22 73 1
22 74 1
22 76 1
22 77 1
22 78 1
22 79 -1
22 80 1
22 81 1
22 82 -1
22 83 1
22 84 1
22 85 1
22 89 1
22 90 1
22 91 1
22 92 -1
22 94 -1
22 95 1
22 97 1
22 98 1
22 99 -1
22 100 -1
22 102 1
22 103 1
22 104 1
22 105 1
22 106 1
22 108 1
22 109 1
22 110 1
22 111 1
22 113 -1
22 116 1
22 117 -1
22 119 1
22 120 1
22 121 1
22 123 1
22 124 1
22 125 1
22 126 1
22 127 1
22 129 1
22 131 1
22 133 -1
22 134 -1
23 34 1
23 37 1
23 39 1
23 40 1
23 42 1
23 43 1
23 44 1
23 45 1
23 48 1
23 49 1
23 51 1
23 54 1
23 59 1
23 66 1
23 69 -1
23 72 1
23 77 1
23 84 1
23 85 1
23 88 -1
23 91 -1
23 94 1
23 101 1
23 103 1
23 105 1
23 110 -1
23 111 -1
23 112 1
23 115 1
23 119 1
23 123 1
23 130 -1
23 132 -1
23 134 1
24 31 1
24 32 1
24 33 1
24 34 1
24 35 1
24 36 1
24 37 1
24 38 1
24 39 1
24 40 1
24 41 1
24 42 1
24 43 1
24 44 1
24 45 1
24 46 1
24 47 1
24 48 1
24 49 1
24 50 1
24 51 1
24 52 1
24 53 1
24 54 1
24 55 1
24 56 1
24 57 1
24 58 1
24 59 1
24 60 1
24 61 1
24 62 1
24 63 1
24 64 1
24 65 1
24 66 1
24 67 1
24 68 1
24 70 1
24 71 1
24 72 -1
24 73 1
24 74 1
24 75 1
24 76 1
24 77 1
24 78 1
24 79 1
24 80 1
24 81 1
24 82 1
24 83 1
24 84 1
24 85 1
24 86 1
24 89 1
24 90 1
24 91 1
24 92 1
24 93 1
24 94 1
24 95 1
24 96 1
24 97 -1
24 98 1
24 99 1
24 100 1
24 101 1
24 102 1
24 103 1
24 104 1
24 105 1
24 106 1
24 107 1
24 108 1
24 109 1
24 110 1
24 111 1
24 112 -1
24 113 1
24 114 -1
24 115 1
24 116 1
24 119 1
24 120 1
24 121 1
24 122 1
24 123 1
24 124 1
24 125 1
24 126 1
24 127 1
24 129 1
24 131 -1
24 132 -1
24 133 -1
25 31 1
25 32 1
25 33 1
25 34 -1
25 35 1
25 36 1
25 37 1
25 39 1
25 41 1
25 42 1
25 43 1
25 44 1
25 47 1
25 48 1
25 49 1
25 50 1
25 51 1
25 52 1
25 53 1
25 54 1
25 55 1
25 56 1
25 57 1
25 60 1
25 61 1
25 62 -1
25 63 1
25 64 -1
25 65 -1
25 66 1
25 67 1
25 68 1
25 70 1
25 73 1
25 74 1
25 75 1
25 76 1
25 77 1
25 80 1
25 81 -1
25 82 1
25 83 1
25 84 1
25 85 -1
25 87 1
25 88 -1
25 89 1
25 90 1
25 91 1
25 92 1
25 93 1
25 94 1
25 95 1
25 97 1
25 98 1
25 100 1
25 102 1
25 103 1
25 104 1
25 106 1
25 107 1
25 108 1
25 109 1
25 110 -1
25 111 1
25 112 -1
25 113 1
25 114 1
25 115 1
25 117 1
25 118 1
25 119 1
25 120 1
25 121 1
25 122 1
25 123 1
25 124 1
25 125 -1
25 126 1
25 127 1
25 128 1
25 129 1
25 130 1
25 131 1
25 132 1
25 133 -1
25 134 1
26 31 1
26 32 1
26 33 1
26 35 1
26 40 1
26 41 1
26 48 1
26 52 1
26 54 1
26 61 1
26 63 1
26 67 1
26 68 1
26 71 -1
26 74 1
26 76 1
26 77 1
26 90 1
26 98 1
26 101 -1
26 102 1
26 103 1
26 108 1
26 114 -1
26 115 1
26 121 1
26 123 -1
26 125 -1
26 129 -1
27 31 1
27 32 1
27 33 1
27 34 1
27 35 1
27 36 -1
27 37 1
27 38 1
27 40 1
27 41 1
27 42 1
27 44 1
27 45 1
27 47 1
27 48 -1
27 49 1
27 52 1
27 53 1
27 54 1
27 55 1
27 57 1
27 59 1
27 61 1
27 62 1
27 63 1
27 65 1
27 66 1
27 67 1
27 69 1
27 72 1
27 73 1
27 74 1
27 76 1
27 77 1
27 81 1
27 82 1
27 83 -1
27 84 1
27 85 -1
27 87 1
27 89 1
27 90 1
27 91 1
27 92 1
27 94 -1
27 95 1
27 97 -1
27 98 1
27 99 1
27 101 1
27 102 -1
27 103 1
27 104 1
27 105 1
27 106 1
27 107 1
27 108 1
27 109 1
27 110 1
27 111 -1
27 113 1
27 114 1
27 115 1
27 116 -1
27 121 -1
27 122 1
27 123 1
27 124 1
27 126 1
27 127 1
27 132 -1
27 133 1
27 134 -1
28 31 1
28 32 1
28 33 1
28 35 1
28 36 1
28 37 1
28 40 1
28 41 1
28 44 1
28 47 1
28 48 1
28 49 1
28 50 -1
28 51 1
28 52 1
28 54 1
28 55 1
28 56 -1
28 57 1
28 58 1
28 60 -1
28 61 1
28 62 1
28 63 1
28 64 -1
28 65 -1
28 67 1
28 68 1
28 69 1
28 71 1
28 72 1
28 74 1
28 76 1
28 77 1
28 78 1
28 79 1
28 80 -1
28 81 1
28 82 1
28 83 1
28 84 -1
28 85 1
28 86 1
28 89 1
28 90 1
28 92 1
28 94 1
28 98 1
28 100 1
28 102 1
28 103 1
28 105 -1
28 106 1
28 108 -1
28 109 1
28 114 -1
28 115 1
28 117 1
28 120 1
28 121 1
28 122 1
28 124 1
28 125 1
28 126 1
28 128 1
28 129 1
28 132 -1
28 134 1
29 31 1
29 32 1
29 33 1
29 34 1
29 35 1
29 36 1
29 41 1
29 43 1
29 45 -1
29 47 1
29 48 1
29 52 1
29 53 1
29 54 1
29 59 1
29 61 1
29 62 1
29 63 1
29 64 1
29 65 1
29 66 1
29 67 1
29 69 -1
29 72 1
29 73 1
29 74 1
29 76 1
29 77 1
29 81 -1
29 82 1
29 83 1
29 84 1
29 88 -1
29 90 1
29 91 -1
29 92 1
29 94 1
29 99 1
29 100 1
29 101 1
29 102 1
29 103 1
29 109 1
29 110 1
29 111 1
29 113 1
29 115 1
29 116 1
29 117 -1
29 119 1
29 121 1
29 122 1
29 123 1
29 126 -1
29 127 1
29 132 -1
29 133 1
29 134 1
30 32 1
30 33 -1
30 34 1
30 35 -1
30 36 1
30 37 -1
30 38 1
30 39 -1
30 40 -1
30 41 1
30 42 1
30 44 -1
30 46 1
30 47 1
30 49 1
30 50 1
30 53 1
30 54 1
30 55 1
30 59 -1
30 64 1
30 65 1
30 73 1
30 74 1
30 77 1
30 79 1
30 84 1
30 88 1
30 89 1
30 92 1
30 93 -1
30 95 -1
30 99 1
30 100 1
30 101 1
30 105 1
30 107 1
30 112 1
30 113 1
30 114 1
30 115 1
30 119 -1
30 120 1
30 121 -1
30 123 1
30 124 1
30 126 -1
30 127 1
30 130 1
30 131 1
30 132 -1
30 133 -1
30 134 -1
